100
166173 5628814
2911286 1942078
515681 1442226
4330438 1553707
8845963 4017158
3662477 5757126
5679567 1494406
212391 7561257
6086079 2561829
2157504 1011165
4822756 1807721
1221745 4849347
7207534 5749603
9198022 7521685
5801901 5563636
6122636 6982951
769919 619827
5831590 7476673
136167 5541275
1145209 6617829
2088368 8174851
4850242 4061548
449618 7676327
9340902 5270604
4175781 5208387
5783733 9460672
2707057 4285217
3390296 4977579
9122564 8373202
9458123 3713398
9925440 2171137
5412754 3279335
8799599 1073181
940544 5455932
8841514 6267747
5477017 5407721
5568710 5019211
2956204 3376177
3047242 8057178
9828983 9025254
8189747 9832746
961515 5106987
8154484 3824805
2808404 6595181
6043270 6012192
4724136 8187468
3772535 1538891
4671182 1148777
3637239 1641516
3443194 1730718
6517830 3625555
3206913 412537
9359510 4222567
6116420 2588614
5712321 8592396
5843812 8693481
2073790 100692
4280780 1870465
4889988 1038939
9659051 5924655
9867195 4308391
6744013 5000843
8527163 8190788
5657229 2916900
8318280 541518
9331268 3837223
8402295 3500840
6011799 5794395
7841641 6568258
6254039 650072
6381310 5550591
2678813 8247796
2749903 9465307
6983675 2026892
7841155 5487404
5868036 8482000
7936133 8053157
1555528 4944480
7648377 8316511
5447775 291442
6617379 6322189
6267189 4122636
5373468 1075705
1553304 4968396
4601032 328095
5004618 1251090
9585607 793561
3430528 4295474
6863608 788440
5413945 2224750
9774326 1319784
5195499 9563401
7696582 1132672
3271436 9012297
737016 2421768
5353722 4021301
7614516 8933102
114507 2536798
4560714 9388966
8598561 3291607
